
1.96267	0.679972	-1.42556	0.806466	0.446432	2.21357	0.00163555	
1.96422	0.679833	-1.42583	0.8059	0.444832	2.21589	0.00117917	
2.02762	0.319855	-1.0593	0.921438	0.662372	2.38248	0.00401512	
1.90088	0.403626	-1.06297	0.833726	0.628336	2.44652	0.00121631	
2.02002	0.0670707	-0.244802	0.07664	0.980909	2.42652	0.00516572	
2.03088	0.108474	-0.215412	0.0886062	0.964599	2.44679	0.000801582	
2.00994	0.636089	-1.84595	1.67309	1.45459	2.94727	0.00325287	
1.96256	0.667463	-1.83345	1.66299	1.43297	3.00877	0.000869778	
2.03128	0.0383512	-0.105764	0.1568	1.74119	2.90248	0.00157463	
2.03201	0.0401816	-0.104161	0.157962	1.74109	2.90203	0.00146353	
1.95808	0.51824	-0.907392	0.469142	1.52651	2.87436	0.00433271	
2.02771	0.497244	-0.897945	0.502742	1.53693	2.81454	0.00133495	
2.12782	0.620684	-1.10251	0.406126	1.8024	2.77314	0.00607564	
2.07316	0.678033	-1.06157	0.415463	1.7597	2.84767	0.00233476	
2.02339	1.29122	-1.99513	0.673601	1.47286	2.73354	0.00441378	
2.08456	1.24783	-1.99147	0.712699	1.48634	2.68548	0.00331061	
2.1318	0.611908	-0.190785	-0.88	1.08638	2.22969	0.00768401	
2.30248	0.430962	-0.154855	-0.643461	1.26707	2.28	0.00306094	
2.01742	0.436607	-0.560424	-0.0325531	1.17287	2.50997	0.00374574	
2.07674	0.413914	-0.537004	0.0203917	1.17508	2.49148	0.00146573	
1.88816	0.543442	-1.35862	0.986988	0.255164	2.19338	0.00186744	
1.88021	0.560382	-1.36877	0.958128	0.263952	2.19063	0.0014089	
2.19448	0.472621	-1.21628	0.848165	1.65362	2.7163	0.00835125	
2.0137	0.565506	-1.17407	0.819234	1.56956	2.89273	0.00116516	
2.09241	0.0208683	-0.40524	0.398254	1.26648	2.59045	0.00730662	
1.98938	0.109299	-0.366239	0.377008	1.21525	2.69012	0.000797944	
1.81429	0.526113	-1.5185	1.47461	0.789573	2.80922	0.00397418	
1.84909	0.495643	-1.54093	1.47088	0.812902	2.75815	0.00141296	
1.99254	0.012928	-0.64425	1.00013	0.959982	2.66406	0.00548626	
1.87538	0.0669654	-0.657285	0.934201	0.949248	2.76431	0.00169144	
1.88994	0.963265	-1.74874	0.878628	0.70871	2.46443	0.00282775	
1.98166	0.878785	-1.73824	0.958677	0.723732	2.40855	0.000950481	
2.15361	0.880096	-1.7343	1.21159	1.63625	2.82227	0.00916955	
2.01674	0.863337	-1.76265	1.16432	1.5938	2.92695	0.00154607	
2.18032	0.764962	-0.691162	-0.416041	1.33032	2.39349	0.00416376	
2.22626	0.722363	-0.681652	-0.366501	1.35072	2.38354	0.00347526	
2.11948	0.387065	-0.0416647	-0.75223	1.96246	2.718	0.00660143	
2.15482	0.41474	-0.0101385	-0.724165	1.95711	2.71864	0.0036475	
2.05065	0.210136	-0.00485655	-0.246464	0.823839	2.3409	0.00767853	
2.07618	0.121259	-0.0383483	-0.216782	0.88121	2.30691	0.00109685	
1.93742	1.11994	-1.6036	0.399133	1.32408	2.70759	0.00675358	
2.08925	1.03618	-1.59428	0.484242	1.36188	2.59863	0.00290599	
2.14197	0.395752	-0.876022	0.486806	0.922597	2.36787	0.00341855	
2.03437	0.449848	-0.869558	0.433466	0.859394	2.40316	0.000889804	
2.19205	0.277576	-0.126883	-0.334746	1.27803	2.42117	0.00290611	
2.13992	0.27191	-0.13099	-0.347612	1.2484	2.4359	0.00178859	
2.02353	0.015718	-0.176328	0.336798	1.68238	2.91722	0.00110686	
2.02102	0.0152859	-0.176889	0.336059	1.68196	2.91841	0.00102199	
1.80905	0.15756	-0.894441	0.868793	0.674257	2.55221	0.00880814	
1.83835	0.220659	-0.851622	0.888129	0.660637	2.56915	0.00159874	
1.94453	0.0983218	-0.662983	0.870648	0.227588	2.22336	0.00885141	
1.87541	0.271245	-0.76525	0.577552	0.308533	2.17837	0.0014433	
2.16481	1.88089	-1.97903	-0.316462	1.56504	2.49985	0.0114853	
2.29823	1.72256	-2.00453	-0.221651	1.66114	2.42056	0.00693153	
1.90594	0.550798	-1.24484	0.875103	0.355935	2.26163	0.00418116	
1.89294	0.529276	-1.26255	0.865248	0.369081	2.24794	0.00109789	
2.16944	0.0954392	-0.545243	0.641635	1.99419	2.90763	0.00766348	
2.03295	0.166465	-0.510906	0.623733	1.92796	3.06139	0.00155998	
2.06586	0.252882	-0.239389	0.105275	0.515966	2.22529	0.011738	
2.03684	0.157703	-0.301469	0.0922741	0.576174	2.18688	0.00154295	
1.94403	0.595099	-1.768	1.515	0.790978	2.61132	0.00414623	
1.86552	0.652821	-1.75619	1.48238	0.773031	2.69151	0.00106349	
1.92029	0.562492	-1.71834	1.44136	0.60866	2.47715	0.00610829	
1.83236	0.644871	-1.70497	1.38916	0.586767	2.57337	0.0012808	
2.10964	0.769566	-1.11528	0.480317	1.53658	2.73787	0.00623177	
2.06326	0.717745	-1.15539	0.453045	1.5358	2.74413	0.0021066	
2.08965	0.126425	-0.793641	0.881401	0.467135	2.24121	0.00491666	
1.97711	0.327917	-0.853043	0.600882	0.405184	2.18552	0.00123118	
1.96265	0.710972	-1.92316	1.75622	1.31761	2.98324	0.00405953	
1.94373	0.700146	-1.93375	1.74791	1.32092	2.98291	0.000787516	
1.82432	0.198916	-0.561595	0.396422	0.781488	2.53807	0.00553312	
1.90842	0.208044	-0.540171	0.431731	0.790348	2.49976	0.00102793	
2.05059	0.119119	-0.170083	0.012672	1.16864	2.53763	0.00124142	
2.04987	0.119539	-0.16971	0.0129883	1.16898	2.53698	0.00121625	
2.02193	0.309567	-0.989473	0.982262	1.60205	2.93963	0.0022891	
1.99517	0.329412	-0.979384	0.979453	1.58851	2.97165	0.000973759	
1.94445	0.0615183	-0.32016	0.263862	0.801841	2.42634	0.00314117	
1.95441	0.0868899	-0.303039	0.270352	0.792672	2.43856	0.00076784	
2.03929	0.758005	-1.60405	0.877258	0.565874	2.23935	0.00285291	
2.02194	0.782056	-1.58728	0.875014	0.541768	2.25094	0.000668662	
2.11204	0.492881	-0.624062	0.19457	1.39905	2.6492	0.00592926	
2.05626	0.451686	-0.655624	0.171146	1.39454	2.65595	0.00156944	
1.9609	0.49696	-1.10854	0.679005	0.358269	2.15709	0.00123003	
1.96065	0.496793	-1.10862	0.679064	0.358597	2.15674	0.00125929	
2.05455	0.739304	-1.45268	0.801733	1.24183	2.63276	0.00313161	
2.00779	0.756895	-1.44046	0.797874	1.2148	2.67596	0.00127014	
1.99856	0.569509	-0.404541	-0.542004	1.16095	2.3968	0.00862978	
2.19724	0.465209	-0.36081	-0.375466	1.23354	2.36439	0.00250628	
1.86421	0.349714	-1.23466	1.2435	0.719331	2.6416	0.00221939	
1.83821	0.371446	-1.23942	1.22056	0.722467	2.66879	0.00155382	
1.96837	0.280834	-0.388389	0.308754	1.37889	2.84004	0.00609913	
1.99146	0.216504	-0.424849	0.305949	1.40524	2.77922	0.000887963	
2.12038	0.897597	-1.43364	0.416448	1.9248	2.8199	0.00599514	
2.10764	0.938978	-1.39875	0.433881	1.90097	2.85664	0.00326735	
2.07712	0.887233	-1.0287	0.164836	1.2909	2.59936	0.00835573	
2.10161	0.772803	-1.07659	0.178097	1.32198	2.54277	0.00254373	
1.85281	0.192085	-0.548926	0.55673	0.519998	2.42081	0.00536518	
1.84473	0.159881	-0.57502	0.54473	0.539944	2.3993	0.00141391	
2.15658	1.1665	-1.55132	0.222396	1.9373	2.77566	0.00432393	
2.15462	1.16461	-1.55222	0.222145	1.93697	2.77579	0.00429562	
2.12586	0.89776	-1.03811	-0.0239928	1.93522	2.79716	0.00404914	
2.12958	0.887204	-1.04181	-0.0221602	1.93647	2.79201	0.00387781	
2.00433	0.860281	-1.97411	1.31069	0.313503	2.1876	0.00184533	
1.97273	0.908788	-1.98845	1.23723	0.295117	2.16896	0.00087627	
1.99302	0.0341856	-0.80337	1.21763	1.4128	2.93398	0.00366471	
1.94322	0.0812496	-0.794584	1.19363	1.39757	3.00224	0.00167421	
2.01309	0.0860211	-1.09596	1.45283	0.920992	2.65745	0.00775118	
1.84826	0.194205	-1.08901	1.37159	0.8914	2.8324	0.00213478	
2.09614	0.976335	-1.67627	1.00398	1.15912	2.64694	0.00975454	
2.00606	0.905922	-1.7344	0.959171	1.15916	2.65684	0.00143181	
2.1732	0.723822	-1.75619	1.29839	0.650192	2.31543	0.00704996	
1.96339	0.827444	-1.78971	1.11481	0.52915	2.3274	0.00104307	
2.1992	0.187773	-0.400567	0.0575662	1.00072	2.29547	0.00496793	
2.09308	0.26482	-0.373008	0.0117597	0.899984	2.3298	0.000761725	
2.13636	0.488035	-0.785117	0.352066	1.15559	2.5008	0.00506264	
2.01238	0.432826	-0.777272	0.367313	1.08077	2.55072	0.000804613	
2.09423	1.05254	-0.942471	-0.505664	1.76692	2.65463	0.00670496	
2.19876	0.992413	-0.933507	-0.441503	1.7992	2.59207	0.00485721	
1.96061	1.1288	-1.8319	0.88672	0.757256	2.48124	0.00833694	
2.01504	0.988225	-1.86439	0.943157	0.793155	2.41074	0.00137452	
1.90223	0.456807	-0.649163	0.306696	1.39693	2.88234	0.00636112	
2.02163	0.373314	-0.661979	0.357633	1.43066	2.75124	0.0010334	
2.09731	0.322742	-0.0335947	-0.257437	1.71675	2.80044	0.00738773	
2.08503	0.239965	-0.0825532	-0.270734	1.7355	2.76102	0.00207832	
1.98733	1.08848	-1.40666	0.0888276	1.76096	2.7996	0.0129501	
2.12766	1.05655	-1.38166	0.155596	1.77791	2.72641	0.00394936	
2.16669	0.588749	-0.00963399	-1.19398	1.64744	2.43997	0.00784048	
2.28339	0.544884	0.025405	-1.09762	1.68927	2.42321	0.00460699	
1.96967	0.319249	-0.977599	0.803939	0.234318	2.11439	0.00221747	
1.95446	0.389697	-1.01036	0.70963	0.27438	2.114	0.0014522	
2.10878	0.130421	1.20813	-1.91993	1.85051	2.58665	0.00892496	
2.277	-0.006318	1.1941	-1.82188	1.93503	2.4906	0.00437369	
1.99135	0.807951	-1.56817	0.795197	0.241599	2.03939	0.00340203	
1.95959	0.762459	-1.55914	0.867163	0.291572	2.11351	0.00177184	
2.1501	1.29292	-1.86707	0.371241	0.874481	2.23432	0.00496964	
2.23415	1.179	-1.84165	0.511158	0.949489	2.25883	0.00300261	
1.84629	0.718757	-1.70853	1.14881	0.600305	2.45676	0.00561677	
1.86967	0.744057	-1.68918	1.15865	0.586724	2.47091	0.000670306	
1.97299	0.68726	-0.947474	0.230367	1.15994	2.60781	0.00416407	
2.05861	0.609498	-0.948636	0.290826	1.18578	2.53879	0.00164477	
1.9204	0.00136828	-0.469345	0.802849	0.986345	2.73489	0.00314781	
1.88923	0.00870063	-0.483879	0.776709	0.993242	2.75283	0.00154098	
1.97545	0.281646	-0.775862	0.777898	1.60977	2.9824	0.00182304	
1.97926	0.282603	-0.774846	0.778797	1.60929	2.98184	0.00163946	
2.0228	0.310438	-0.657193	0.478439	1.51395	2.81985	0.00112014	
2.02177	0.31062	-0.657128	0.478323	1.51375	2.82029	0.00110626	
2.185	0.0534246	-0.345499	0.328	1.36571	2.56546	0.00674041	
2.00793	0.130938	-0.326379	0.274695	1.28971	2.69388	0.00081348	
1.99918	1.20083	-1.96889	0.879296	1.75447	2.96126	0.0049388	
2.06826	1.15881	-1.9708	0.910352	1.76992	2.88852	0.0029938	
2.17797	0.316064	-0.880925	0.691595	0.356778	2.0844	0.0034225	
2.16815	0.305653	-0.900251	0.672135	0.371173	2.07122	0.00165889	
2.1781	0.230721	-0.529405	0.339328	1.47896	2.62444	0.00635777	
2.02364	0.282593	-0.516949	0.298958	1.41472	2.73836	0.00093876	
2.17194	1.07645	-1.78228	0.554067	0.751202	2.18637	0.00435748	
2.20687	1.03068	-1.75075	0.643783	0.783892	2.2189	0.00210871	
2.08878	0.469061	-1.35184	1.16662	1.47528	2.79947	0.00568832	
1.98276	0.517797	-1.33514	1.14303	1.43354	2.90968	0.000858029	
1.98234	0.099119	0.0527008	-0.134657	1.80168	2.95304	0.00449398	
2.05711	0.0666758	0.0508619	-0.108133	1.81838	2.87637	0.00150439	
2.07109	0.405012	0.0232601	-0.766432	1.50142	2.5584	0.00478846	
2.17303	0.335093	0.0315988	-0.69444	1.53557	2.50403	0.00293619	
1.80767	0.406524	-1.13121	1.00846	0.801621	2.71236	0.00360398	
1.87069	0.390218	-1.13368	1.02516	0.818775	2.65793	0.0011083	
2.19269	0.089664	0.644867	-1.11232	1.66709	2.53042	0.00349549	
2.18984	0.0715192	0.635943	-1.11256	1.67147	2.52224	0.00299574	
1.82121	0.653418	-1.4343	1.05322	0.963124	2.77963	0.00661305	
1.91075	0.623755	-1.44038	1.07492	0.982443	2.70782	0.000829726	
2.16005	0.785599	-1.37476	0.547457	1.14792	2.45164	0.0035027	
2.07001	0.812395	-1.36329	0.526447	1.09497	2.49455	0.00182966	
1.89055	0.175319	-1.18993	1.60874	1.01094	2.91433	0.00302564	
1.86438	0.188488	-1.20022	1.5849	1.01545	2.9374	0.00239687	
2.15481	1.08005	-0.748676	-0.643555	1.58958	2.56403	0.0100212	
2.24031	0.93507	-0.78691	-0.584043	1.65951	2.47701	0.00486075	
2.12128	0.617682	-0.781594	0.0800007	1.7168	2.73376	0.00302071	
2.10059	0.614317	-0.782187	0.0780573	1.70751	2.74667	0.00262546	
1.8744	0.829528	-1.6159	0.803202	0.601746	2.35397	0.00498521	
1.97524	0.777957	-1.58205	0.895205	0.604016	2.3317	0.000657867	
1.98989	0.277866	-0.486371	0.251462	1.48323	2.79753	0.00250085	
2.02025	0.276769	-0.476973	0.267945	1.48493	2.77882	0.000977052	
2.16869	0.309601	-0.635014	0.458096	0.599502	2.22526	0.00664047	
2.10785	0.302151	-0.682244	0.377922	0.578939	2.18188	0.000798488	
1.84312	0.762728	-1.73768	1.26575	0.358146	2.38107	0.0050664	
1.82405	0.73809	-1.75864	1.25316	0.373315	2.36818	0.00122689	
2.13747	0.75355	-1.76036	1.11357	0.350074	2.09685	0.00196774	
2.13524	0.777456	-1.75636	1.09817	0.338506	2.09294	0.00108413	
2.19391	0.139151	-0.499553	0.325186	1.0896	2.39918	0.00592139	
2.02332	0.239934	-0.478005	0.249202	0.987824	2.48169	0.000918008	
2.1417	0.12096	0.577961	-1.09943	1.53754	2.49287	0.00374238	
2.1982	0.0736045	0.583771	-1.05116	1.55908	2.46763	0.0027929	
1.97718	0.365883	-0.951168	0.822397	0.827917	2.54121	0.00416059	
1.92923	0.360135	-0.969152	0.795488	0.828013	2.55664	0.00107966	
1.98639	0.271104	-0.966563	0.815482	1.174	2.6748	0.00637319	
1.96245	0.336864	-0.928433	0.819047	1.14709	2.73255	0.000796435	
2.13751	0.634585	-0.724103	-0.183133	1.93131	2.74996	0.00596001	
2.14116	0.67047	-0.692223	-0.163406	1.91708	2.76772	0.00345243	
2.164	0.479874	-0.805752	0.203692	0.64648	2.13238	0.00315976	
2.17546	0.462609	-0.790115	0.253415	0.684157	2.17262	0.00127907	
2.01918	0.578014	-1.52	1.18112	1.20405	2.7176	0.00396484	
1.96328	0.619353	-1.50176	1.17054	1.17865	2.78069	0.000808232	
