
2.09909	0.171751	-0.632783	0.526606	0.274791	2.02847	0.00240378	
2.08236	0.168671	-0.637215	0.533792	0.309295	2.06006	0.00195814	
2.10893	0.512612	-1.56701	1.28129	0.0866102	2.00353	0.00279396	
2.11516	0.534539	-1.57365	1.2562	0.0919689	1.99781	0.00255404	
2.08271	0.572597	-1.19594	0.767319	0.799765	2.40211	0.00468311	
1.99874	0.579861	-1.21482	0.719826	0.776106	2.41729	0.000992306	
2.11239	0.225188	-0.600876	0.386382	0.348942	2.03994	0.00270451	
2.09269	0.200921	-0.599081	0.424647	0.400391	2.09243	0.00160278	
2.07359	0.334813	-0.495706	0.0696574	0.808836	2.29097	0.00102826	
2.07395	0.334851	-0.495481	0.0700107	0.808854	2.29117	0.00102162	
1.98657	0.278792	-0.901494	0.725148	0.204977	2.05598	0.00216524	
1.9871	0.289092	-0.901661	0.718259	0.207378	2.0596	0.00201179	
2.06419	0.561162	-0.942019	0.410665	1.53293	2.74621	0.00202463	
2.04668	0.565984	-0.93599	0.412481	1.52132	2.76295	0.0016729	
2.13635	0.0797842	0.0205724	-0.230168	1.23209	2.46096	0.0024896	
2.06794	0.0994562	0.0281287	-0.246604	1.19219	2.49628	0.000919654	
1.89741	0.353752	-1.05605	0.970613	0.838307	2.63535	0.00121844	
1.89741	0.353752	-1.05605	0.970613	0.838307	2.63535	0.00125593	
2.02272	0.889908	-1.67715	0.826932	0.311883	2.07691	0.00313946	
2.00901	0.840796	-1.67191	0.893064	0.364548	2.13533	0.00160708	
2.11088	0.753514	-1.5737	0.877654	0.328327	2.05992	0.00224648	
2.10275	0.741667	-1.57013	0.900198	0.352217	2.08711	0.00159317	
2.1402	0.373341	-0.955495	0.648663	0.476864	2.14294	0.00147845	
2.12447	0.403329	-0.965395	0.605677	0.463387	2.12942	0.00105541	
2.06272	0.348599	-0.685522	0.414736	1.72199	2.85878	0.00249165	
2.03723	0.370318	-0.669282	0.418437	1.70222	2.89088	0.00139922	
1.9516	0.493485	-0.494081	-0.206747	0.685777	2.2159	0.00563961	
2.12447	0.32941	-0.461978	0.0207391	0.829682	2.26313	0.00102439	
2.07311	0.159163	-0.0986746	-0.124191	1.54133	2.70007	0.00164174	
2.05617	0.162172	-0.093551	-0.122089	1.53077	2.71296	0.00131894	
1.89762	0.880073	-1.72023	1.01438	0.51862	2.38014	0.00370989	
1.92242	0.826364	-1.73123	1.03945	0.53543	2.34886	0.000608429	
1.82585	0.099384	-0.58395	0.626037	0.196503	2.16055	0.0027213	
1.81287	0.196005	-0.621934	0.502819	0.255045	2.16815	0.00162231	
2.01727	0.279476	-0.536054	0.340445	1.39646	2.74413	0.000849995	
2.01727	0.279476	-0.536054	0.340445	1.39646	2.74413	0.000855138	
2.0163	0.882848	-1.51973	0.638074	0.945999	2.46294	0.00190244	
2.04162	0.852753	-1.51199	0.669629	0.946362	2.45031	0.0015401	
2.06732	0.562894	-0.79575	0.189058	1.51408	2.70352	0.00204709	
2.06698	0.562977	-0.795596	0.18926	1.51426	2.70311	0.00202916	
1.92055	0.123111	-0.822606	1.07335	0.996406	2.76193	0.00235732	
1.88377	0.150829	-0.827769	1.04561	0.997394	2.79808	0.00153161	
2.12145	0.750953	-1.51373	0.805835	0.511079	2.16224	0.000908481	
2.12123	0.750693	-1.51391	0.805753	0.511174	2.1621	0.000905165	
2.09692	0.208609	-0.188495	-0.150963	1.03868	2.38744	0.000976451	
2.08178	0.193218	-0.178907	-0.132323	1.02198	2.39434	0.00084391	
1.88403	0.841718	-1.7822	1.09149	0.520877	2.37783	0.00080906	
1.89933	0.834626	-1.77836	1.10285	0.521987	2.37145	0.00057979	
1.9618	0.00370962	-0.313761	0.520232	1.07501	2.68077	0.00196378	
1.92907	0.0168516	-0.320932	0.498792	1.07424	2.70435	0.000897995	
1.91242	0.317852	-0.949739	0.806636	0.517952	2.36256	0.00200169	
1.87458	0.348479	-0.958648	0.766457	0.519612	2.38157	0.00130004	
2.08897	0.403426	-0.556831	0.0878677	1.10136	2.45889	0.00172842	
2.03631	0.332387	-0.526122	0.154992	1.03897	2.47671	0.000791985	
2.08804	0.87442	-1.60872	0.744227	0.76108	2.31353	0.00139548	
2.07707	0.871826	-1.60736	0.744228	0.753023	2.31471	0.00130675	
1.98554	0.472987	-1.28587	1.0484	0.892794	2.57393	0.00285443	
1.92678	0.500862	-1.28351	1.02425	0.877136	2.61987	0.00101992	
2.00792	0.482133	-0.796477	0.446206	1.72122	2.93703	0.00269582	
2.04123	0.457193	-0.801005	0.459305	1.72817	2.898	0.00160951	
2.09001	0.303109	-0.550832	0.202652	0.719621	2.25292	0.000629724	
2.09001	0.303109	-0.550832	0.202652	0.719621	2.25292	0.000651819	
1.90372	0.522267	-0.88701	0.338998	0.88177	2.49605	0.00386701	
2.0092	0.461815	-0.864941	0.420599	0.895004	2.44367	0.000624857	
2.16841	0.302505	-0.534956	0.164784	1.09051	2.40216	0.00331678	
2.04261	0.331645	-0.518393	0.138061	1.00973	2.45049	0.000787575	
1.91631	0.591983	-1.1406	0.638899	0.875594	2.54655	0.0017014	
1.96757	0.551656	-1.13342	0.679138	0.883377	2.51205	0.000520883	
1.81418	0.752109	-1.92717	1.50312	0.481982	2.51969	0.00157012	
1.81328	0.756265	-1.92524	1.50284	0.481391	2.52215	0.00139255	
1.98782	0.0673689	-0.254699	0.240068	1.04146	2.55972	0.00116638	
1.98862	0.070895	-0.252363	0.240837	1.0401	2.56175	0.000939634	
2.07225	0.491778	-0.794502	0.318376	1.35446	2.64234	0.00222285	
2.03941	0.489283	-0.79455	0.314285	1.34008	2.66201	0.00137349	
2.00872	0.868614	-1.76152	1.07308	1.18484	2.69155	0.00154887	
1.98577	0.869801	-1.7559	1.07536	1.17254	2.71055	0.0011172	
1.93896	0.431135	-1.14366	0.976165	1.07176	2.73244	0.000528387	
1.93896	0.431135	-1.14366	0.976165	1.07176	2.73244	0.000551349	
2.06461	0.107535	-0.0561797	-0.0612549	1.68138	2.79637	0.00158681	
2.05036	0.111452	-0.051772	-0.0603193	1.67146	2.80989	0.00129059	
1.96888	0.468579	-1.52147	1.52368	1.29785	2.91737	0.00214704	
1.93898	0.515461	-1.53302	1.47584	1.29809	2.94955	0.000837444	
2.01109	0.829104	-1.67561	1.04655	1.31207	2.76306	0.0014858	
1.99514	0.827306	-1.67314	1.04787	1.30309	2.77644	0.00116353	
1.87541	0.893641	-1.58701	0.714834	0.603623	2.35996	0.00325557	
2.00379	0.788041	-1.56263	0.840273	0.629611	2.31543	0.000762635	
1.9203	0.549943	-1.64913	1.57232	1.14886	2.90032	0.00105895	
1.91366	0.569187	-1.65723	1.5496	1.1551	2.90492	0.000882813	
2.13754	0.000477581	0.647253	-0.964788	1.8093	2.66298	0.00264468	
2.13971	0.000429617	0.648778	-0.96253	1.80887	2.66261	0.00261671	
2.15276	0.273786	0.108889	-0.640555	1.4739	2.52109	0.00321901	
2.15179	0.249619	0.0999867	-0.63633	1.48002	2.50884	0.00248226	
2.02524	0.47737	-1.21003	0.981779	1.43222	2.82851	0.00242885	
1.99039	0.493747	-1.20352	0.97491	1.41692	2.86577	0.000879195	
2.06165	0.566981	-0.797029	0.111763	0.835512	2.30196	0.00230393	
2.07237	0.440138	-0.752058	0.259203	0.823052	2.32229	0.000775965	
1.97638	0.266337	-1.4492	1.78267	1.24859	2.93846	0.00452184	
1.91074	0.315659	-1.44469	1.74972	1.2336	3.02428	0.00207961	
2.15336	0.6146	-0.557359	-0.248869	1.75547	2.68026	0.00355832	
2.1437	0.604262	-0.564184	-0.252746	1.75467	2.68042	0.00320928	
1.80438	0.438084	-1.33396	1.20482	0.476074	2.50572	0.00198224	
1.78816	0.451948	-1.34016	1.18615	0.483401	2.5192	0.00166789	
2.12539	0.489936	-0.631246	-0.00506258	1.03265	2.35973	0.00169274	
2.12871	0.479311	-0.628933	0.00523521	1.03179	2.35939	0.00159072	
1.89576	0.439216	-1.20017	1.06993	1.0014	2.75679	0.00118518	
1.89699	0.438608	-1.20074	1.06941	1.00083	2.75769	0.00121935	
1.98613	0.671964	-1.44527	0.924361	0.970548	2.5767	0.00137278	
1.98606	0.672828	-1.44473	0.924457	0.970099	2.57741	0.00131528	
1.90207	0.415642	-1.20239	1.11521	1.09013	2.81387	0.00126533	
1.90453	0.416377	-1.20168	1.11581	1.08977	2.81374	0.00115015	
2.03528	0.292302	-0.470752	0.142711	0.677498	2.26447	0.00204935	
2.03228	0.285898	-0.475149	0.141295	0.681328	2.26034	0.00128505	
2.02705	0.402113	-0.780739	0.536986	1.58671	2.86052	0.00137449	
2.02057	0.396814	-0.784029	0.53478	1.58424	2.86385	0.00110248	
2.1379	0.638831	-1.09413	0.405889	1.16509	2.47049	0.00303438	
2.06128	0.660922	-1.08333	0.390316	1.12103	2.51006	0.00158295	
2.01107	0.185192	-0.505358	0.547157	1.68075	2.95202	0.000997914	
2.01085	0.185069	-0.505434	0.54714	1.68083	2.95184	0.000995161	
2.1786	0.121893	0.234015	-0.644024	1.06433	2.2747	0.00242713	
2.20989	0.0734484	0.24719	-0.57935	1.09617	2.28819	0.0015724	
1.93552	0.39264	-1.03985	0.910126	1.40198	2.91875	0.00297353	
1.95777	0.401903	-1.02945	0.920689	1.40307	2.90526	0.00112263	
1.82259	0.108124	-1.10825	1.60162	0.945058	2.96112	0.00301906	
1.83513	0.108979	-1.11045	1.60011	0.950288	2.94797	0.00279957	
2.09258	0.7533	-1.43573	0.72324	0.758243	2.3213	0.00179347	
2.041	0.756035	-1.43544	0.70654	0.726059	2.32962	0.000952427	
1.88739	0.234189	-1.16022	1.36062	0.882337	2.75915	0.00278923	
1.85398	0.26803	-1.16163	1.33384	0.881945	2.80108	0.00182405	
2.05347	0.0711619	0.220471	-0.534244	1.36182	2.53801	0.00396805	
2.09866	0.0632016	0.241718	-0.495568	1.36057	2.52863	0.00145875	
1.85537	0.122348	-0.358924	0.312415	0.606378	2.40143	0.00191316	
1.88907	0.105916	-0.36391	0.32383	0.618565	2.37924	0.00123065	
1.91336	0.527659	-1.1191	0.639168	0.183556	2.03484	0.00282226	
1.88432	0.504072	-1.11773	0.670255	0.199158	2.07078	0.00199935	
2.04828	0.120462	0.000561538	-0.26217	0.900779	2.33287	0.00155874	
2.07016	0.103516	0.00233449	-0.242017	0.91417	2.32921	0.00104629	
1.93687	0.374506	-1.03634	0.894482	0.968249	2.65924	0.000986351	
1.93687	0.374506	-1.03634	0.894482	0.968249	2.65924	0.000995691	
1.95847	0.0829761	-0.172269	0.139524	1.13179	2.63558	0.000981417	
1.95924	0.0828054	-0.172412	0.139394	1.13151	2.63601	0.00100304	
2.17567	1.05826	-1.84291	0.654362	0.726002	2.17894	0.00444345	
2.19961	1.0403	-1.81232	0.717598	0.738825	2.2086	0.00196898	
2.02796	0.409187	-0.631455	0.229835	0.994544	2.48128	0.00206974	
2.02702	0.374501	-0.637131	0.243248	0.995426	2.46903	0.000731646	
1.8854	0.055479	-0.259493	0.21659	0.440237	2.21863	0.0017649	
1.88877	0.0574236	-0.257438	0.218649	0.438854	2.22087	0.00154161	
2.01525	0.324902	-0.397356	0.0417443	1.41585	2.70245	0.00185927	
2.04559	0.301	-0.393953	0.0646198	1.41912	2.67849	0.00128872	
2.05264	0.734221	-1.28465	0.562974	1.09059	2.52137	0.00159984	
2.04025	0.732433	-1.28236	0.564181	1.08262	2.52838	0.00147329	
2.00705	0.108195	-0.252259	0.266864	1.64684	2.89552	0.00142085	
2.00705	0.108195	-0.252259	0.266864	1.64684	2.89552	0.0014237	
1.96115	0.484293	-1.19259	0.859737	0.551245	2.34033	0.00177393	
1.93505	0.499974	-1.19776	0.835959	0.547287	2.347	0.00115311	
2.1693	0.0355214	0.373079	-0.639483	1.7755	2.65794	0.0034221	
2.11449	0.0503553	0.38284	-0.644392	1.74606	2.69715	0.00215186	
2.01582	0.8312	-0.914122	-0.184119	1.24099	2.49872	0.00570463	
2.15941	0.743752	-0.891729	-0.0741605	1.2859	2.43943	0.00289346	
1.97438	0.647926	-1.06346	0.55206	1.65893	2.94796	0.00410955	
2.04118	0.606266	-1.06947	0.577686	1.67493	2.87391	0.00175536	
1.87701	0.267353	-0.713892	0.534827	0.521961	2.33617	0.0011667	
1.87805	0.268271	-0.713204	0.535214	0.52147	2.3367	0.00109302	
2.04777	0.32531	-0.477839	0.234646	1.84376	2.92716	0.00197489	
2.05407	0.319166	-0.478684	0.23761	1.84307	2.92111	0.00175115	
1.95529	0.413998	-1.26211	1.05269	0.234862	2.16318	0.00290883	
1.93743	0.534199	-1.30351	0.89145	0.255604	2.1332	0.00135288	
2.06246	0.796934	-1.92233	1.45347	1.8035	2.99892	0.00395634	
2.01668	0.842142	-1.89253	1.45714	1.76891	3.06565	0.00170466	
2.11187	0.581791	-0.402314	-0.474513	1.77234	2.67913	0.00419102	
2.14524	0.57051	-0.392571	-0.450883	1.77559	2.66407	0.0034738	
1.94518	0.559683	-1.58506	1.44908	1.20783	2.87819	0.000997968	
1.93235	0.568104	-1.58588	1.44101	1.20513	2.89255	0.000656216	
1.85471	0.218324	-0.948953	1.15286	1.04758	2.88722	0.00276502	
1.89089	0.206761	-0.958394	1.15327	1.06355	2.8464	0.00145097	
1.8239	0.926099	-1.65902	0.792251	0.552339	2.38539	0.00368033	
1.97833	0.806363	-1.63919	0.92507	0.580006	2.3152	0.000678007	
1.98419	0.326281	-1.11678	1.09357	0.917778	2.62461	0.00397653	
1.89363	0.367078	-1.11922	1.05208	0.90322	2.69697	0.000999226	
2.07839	0.324631	-0.154689	-0.326828	1.72433	2.74477	0.00264937	
2.09752	0.312393	-0.151162	-0.312354	1.72646	2.73019	0.00235864	
1.86302	0.222559	-0.804131	0.905563	1.12637	2.87756	0.00361006	
1.91283	0.207623	-0.807462	0.917763	1.1426	2.825	0.00105671	
1.96307	0.167808	-0.37186	0.305048	1.24198	2.72033	0.000911783	
1.96388	0.167647	-0.371856	0.305226	1.24205	2.72	0.000901769	
2.05842	0.525878	-0.959534	0.617241	1.79986	2.94235	0.00258389	
2.04389	0.517	-0.965994	0.612414	1.7971	2.94729	0.00171963	
1.85357	0.790348	-1.64496	0.959595	0.282685	2.1923	0.00126842	
1.85357	0.790348	-1.64496	0.959595	0.282685	2.1923	0.00141753	
2.09274	0.478746	-0.964667	0.467444	0.477412	2.11686	0.00217516	
2.09486	0.479919	-0.960097	0.475622	0.481181	2.12685	0.0016828	
1.95736	0.112921	-0.703722	0.978863	1.43088	2.96059	0.00114059	
1.95654	0.116829	-0.70612	0.973376	1.43218	2.96059	0.00111369	
1.99682	0.0839336	-0.0535088	-0.0848738	1.04074	2.49641	0.000831556	
1.99682	0.0839336	-0.0535088	-0.0848738	1.04074	2.49641	0.000841866	
2.08184	0.161427	-0.473491	0.334597	0.636994	2.24351	0.00149029	
2.04784	0.194946	-0.480248	0.291016	0.617825	2.24204	0.000813801	
2.01475	0.120613	-0.396847	0.321833	0.743713	2.36247	0.00151629	
1.98924	0.138664	-0.398833	0.301179	0.735418	2.37109	0.000963335	
1.99954	0.314881	-0.644539	0.477409	1.65357	2.9243	0.00233925	
2.01394	0.317968	-0.638622	0.485163	1.65508	2.91235	0.00130673	
1.94362	0.671071	-0.859693	0.0444366	0.888784	2.39932	0.00469887	
2.10634	0.545577	-0.835342	0.192666	0.94541	2.34952	0.00136884	
1.86356	0.317178	-1.52619	1.84882	1.04679	2.98934	0.0024553	
1.86467	0.319043	-1.52579	1.84817	1.0465	2.99045	0.00240959	
2.00979	0.726308	-1.25778	0.51536	0.479368	2.16335	0.00296961	
2.03401	0.666013	-1.25181	0.59108	0.533287	2.19879	0.00135921	
1.85738	0.238284	-0.905661	0.893926	0.511182	2.43105	0.00236241	
1.81737	0.279666	-0.91464	0.849168	0.520906	2.46399	0.00157779	
2.02319	0.841469	-1.49599	0.780715	1.56452	2.84798	0.00221474	
2.03655	0.829044	-1.49503	0.791058	1.56607	2.83297	0.00192338	
1.98706	1.01466	-1.86298	0.908337	0.882862	2.47988	0.00179333	
2.01105	0.989285	-1.85354	0.938255	0.880802	2.46896	0.0014748	
1.97367	0.562669	-1.26201	0.960175	1.38469	2.86427	0.000866333	
1.97367	0.562669	-1.26201	0.960175	1.38469	2.86427	0.000872999	
2.11701	0.565134	-0.875869	0.224245	0.475561	2.06553	0.00466828	
2.11468	0.477456	-0.865919	0.346048	0.599608	2.1691	0.00140793	
1.98637	0.437496	-1.13278	0.821112	0.453145	2.243	0.00176691	
1.96024	0.475491	-1.14008	0.774595	0.444109	2.24437	0.00111262	
1.8856	0.478122	-1.61421	1.60115	1.00263	2.85086	0.00211143	
1.88052	0.504667	-1.6098	1.58977	1.00207	2.86833	0.00131929	
2.01495	0.476403	-0.810113	0.399476	1.64294	2.86525	0.00243547	
2.03998	0.471818	-0.802192	0.415333	1.64339	2.84643	0.00155903	
2.16051	0.680566	-0.558428	-0.407787	1.7363	2.6302	0.00372405	
2.16035	0.677794	-0.559187	-0.406966	1.73693	2.62846	0.00368537	
2.08532	0.748585	-1.22724	0.398552	0.920135	2.35964	0.00180804	
2.09481	0.738307	-1.21916	0.416744	0.9178	2.35962	0.00157652	
1.8563	0.183483	-0.94502	1.14037	0.795178	2.71004	0.00205308	
1.84387	0.194232	-0.949447	1.12697	0.799249	2.72153	0.00184564	
1.89803	0.483729	-1.19809	1.0027	0.992335	2.74193	0.0018822	
1.89678	0.479059	-1.20141	1.00142	0.994434	2.73866	0.0013775	
1.89029	1.04615	-1.91927	0.959456	0.669211	2.43583	0.00266495	
1.98237	0.962988	-1.9032	1.04623	0.681077	2.38626	0.00103845	
2.00336	0.515078	-0.88275	0.473402	1.7025	2.92595	0.00292701	
2.04096	0.500547	-0.878615	0.492085	1.70779	2.88849	0.00164215	
2.12155	0.88011	-1.32785	0.335092	1.11864	2.42864	0.00241785	
2.12161	0.87845	-1.32839	0.335347	1.11855	2.42851	0.00239866	
1.88592	0.749445	-1.6032	0.998633	0.528052	2.37461	0.000752985	
1.88665	0.749211	-1.60344	0.998351	0.527501	2.37534	0.000752278	
1.96592	0.802309	-1.35881	0.550313	0.841108	2.43427	0.00228518	
2.03419	0.735953	-1.34377	0.622249	0.851569	2.4017	0.00113464	
2.01461	0.0943269	0.121066	-0.321071	1.48307	2.69985	0.00246183	
2.06186	0.0675575	0.126584	-0.291248	1.48941	2.6668	0.00125486	
2.04733	0.886482	-1.43921	0.511768	0.959973	2.4263	0.00227234	
2.07397	0.849972	-1.43352	0.545771	0.963681	2.41324	0.00176596	
2.16896	0.75172	-1.36763	0.580944	0.723546	2.22079	0.00147505	
2.14941	0.751406	-1.36425	0.579453	0.705573	2.22357	0.00126184	
1.83998	0.538841	-1.41219	1.19755	0.831488	2.72104	0.00223684	
1.87046	0.529062	-1.41485	1.20478	0.840495	2.69404	0.00106272	
1.98049	0.689125	-1.75538	1.28156	0.0887661	2.05472	0.00223962	
1.97646	0.747913	-1.78404	1.20105	0.127906	2.0507	0.00153976	
1.96014	0.639095	-1.51736	1.04047	0.425444	2.26574	0.00158001	
1.93728	0.663062	-1.52238	1.00918	0.419492	2.26847	0.00111157	
1.85619	0.636462	-1.44132	0.874854	0.284834	2.17361	0.00270033	
1.86315	0.650847	-1.42929	0.882675	0.278589	2.18073	0.00101131	
1.94214	0.625918	-1.45758	1.085	1.06066	2.71918	0.000309166	
1.94214	0.625918	-1.45758	1.085	1.06066	2.71918	0.000604152	
1.92656	0.322493	-0.699836	0.526747	1.12758	2.71649	0.00169602	
1.94596	0.313108	-0.702405	0.532194	1.1344	2.69836	0.000876971	
1.84975	0.0464078	-0.399162	0.43994	0.194575	2.10184	0.00247153	
1.84162	0.0861051	-0.419327	0.386647	0.225182	2.10859	0.00188964	
1.94426	0.842312	-1.75387	1.10832	0.834684	2.56102	0.00138966	
1.93996	0.832175	-1.7562	1.11085	0.836029	2.55743	0.000695816	
2.03271	0.194539	-0.639146	0.657023	1.49601	2.83252	0.00242349	
1.99597	0.208852	-0.635251	0.647728	1.48097	2.87037	0.000753014	
2.10536	1.08218	-1.91621	0.833032	0.314094	2.01759	0.00508289	
2.07989	0.966489	-1.89711	0.993789	0.448394	2.15721	0.0012219	
2.08019	0.184453	-0.494623	0.301555	0.492987	2.13757	0.00131621	
2.08045	0.185239	-0.493917	0.302122	0.492943	2.13808	0.00128193	
1.92918	0.322526	-1.19515	1.32239	1.15516	2.88034	0.00177849	
1.92253	0.387288	-1.2319	1.23708	1.18847	2.87795	0.000864391	
1.97179	0.00871722	0.160174	-0.158876	1.52424	2.81913	0.00300473	
2.0264	-0.0188334	0.155568	-0.140335	1.54039	2.76621	0.000928074	
2.15049	0.514387	-1.07548	0.568057	0.768241	2.27599	0.00227769	
2.04882	0.558193	-1.06988	0.513789	0.689635	2.28733	0.000627848	
2.11345	0.412516	-0.553439	0.0789531	0.919327	2.34404	0.00239335	
2.0756	0.351877	-0.546602	0.118266	0.893683	2.34809	0.000793701	
1.81627	0.0665491	-1.12126	1.61379	0.637981	2.75343	0.00427087	
1.77447	0.108435	-1.12472	1.57891	0.643569	2.80792	0.00322649	
2.08764	0.166123	0.271043	-0.644087	1.94248	2.81649	0.00318905	
2.1157	0.147523	0.272383	-0.627467	1.94772	2.79144	0.00266411	
1.96558	0.842632	-1.71383	0.994044	0.728625	2.4374	0.000866784	
1.96536	0.843346	-1.71294	0.994727	0.728415	2.43737	0.000813557	
1.94107	0.96254	-1.49935	0.468659	0.704824	2.32693	0.00412698	
2.08545	0.819156	-1.47126	0.635564	0.76134	2.30089	0.00130888	
1.82809	0.506847	-1.52693	1.30548	0.240355	2.29928	0.00336869	
1.74881	0.599131	-1.54888	1.19542	0.279513	2.36199	0.00162974	
2.12135	0.121443	-0.228436	0.0941631	0.998602	2.40156	0.00306362	
2.04832	0.138702	-0.236073	0.056545	0.965496	2.42328	0.000837334	
2.11804	0.239278	-0.643212	0.432044	1.48577	2.67825	0.00541727	
2.01736	0.302118	-0.613374	0.416705	1.43674	2.77431	0.000938222	
2.06609	0.645761	-0.879098	0.178023	1.51948	2.70065	0.00249258	
2.07462	0.631258	-0.880588	0.185906	1.52102	2.69153	0.0022664	
1.84758	0.158806	-0.888914	0.961762	0.168679	2.18966	0.00410806	
1.81652	0.351182	-0.950051	0.716533	0.253407	2.19673	0.00154364	
2.08507	0.433558	-1.02271	0.644558	0.432116	2.13588	0.00105558	
2.08507	0.433558	-1.02271	0.644558	0.432116	2.13588	0.00107416	
1.99206	0.966601	-1.87378	1.01161	0.847519	2.47913	0.00127144	
1.99263	0.967025	-1.87289	1.01242	0.846786	2.47976	0.00125333	
2.00934	0.662769	-1.43269	1.0579	1.47399	2.88032	0.00169634	
1.99599	0.65538	-1.4394	1.05153	1.47088	2.88865	0.000951021	
1.81884	0.015355	-0.456177	0.647073	0.558147	2.48164	0.00208124	
1.81423	0.0253698	-0.458462	0.637402	0.562117	2.48697	0.0019827	
1.84386	0.315234	-0.945593	0.745889	0.0399282	2.00477	0.00235478	
1.83379	0.353984	-0.964137	0.697804	0.076853	2.01869	0.00193164	
2.13603	0.52068	-0.676889	-0.00738273	0.95673	2.30519	0.00191119	
2.15285	0.490625	-0.667064	0.0303812	0.963941	2.30723	0.00155089	
2.02401	0.604291	-0.796669	0.168019	1.34668	2.66396	0.0032881	
2.06187	0.553994	-0.803278	0.195965	1.35907	2.62453	0.00181695	
2.10428	0.605006	-0.708537	0.0709951	1.83842	2.82676	0.00348084	
2.09414	0.586886	-0.720337	0.0656294	1.84034	2.82275	0.00270246	
1.95328	0.735487	-1.90218	1.5983	0.995127	2.76102	0.00326876	
1.91248	0.738352	-1.91004	1.58104	0.990631	2.79025	0.000772781	
1.92776	0.280605	-0.99204	1.10814	1.27382	2.92021	0.00156089	
1.92689	0.277992	-0.993994	1.10722	1.27478	2.91856	0.00132506	
1.9426	0.399261	-1.22293	1.21396	1.27731	2.9032	0.000815855	
1.9426	0.399261	-1.22293	1.21396	1.27731	2.9032	0.000913152	
2.08801	0.544024	-0.927208	0.4925	1.96428	2.95242	0.00274291	
2.06721	0.549568	-0.922578	0.491771	1.95119	2.97376	0.00222295	
1.98276	0.786393	-1.37053	0.638857	1.245	2.68775	0.00225156	
2.02302	0.7593	-1.36271	0.670499	1.24906	2.65825	0.00153453	
2.14121	0.186949	-0.643266	0.470896	0.520133	2.1387	0.00258805	
2.12743	0.247	-0.646996	0.415659	0.502297	2.13493	0.00112158	
2.02928	1.00035	-1.51714	0.459833	1.2914	2.61995	0.00337361	
2.07739	0.960346	-1.51161	0.498337	1.3014	2.586	0.00256811	
1.99021	0.454307	-0.858574	0.417568	1.00014	2.51778	0.00143777	
1.99165	0.457177	-0.856204	0.419046	0.999366	2.51856	0.00121603	
2.0545	0.426704	-1.33214	1.12311	0.334142	2.18244	0.00356156	
2.01884	0.575855	-1.37788	0.915945	0.298207	2.11639	0.0012458	
2.02178	0.19676	-1.01832	1.05898	0.11619	2.06364	0.00392711	
2.05399	0.288934	-1.05297	0.936093	0.129371	2.01802	0.00271595	
1.96134	0.166617	-0.790344	0.890307	0.940556	2.63445	0.00289233	
1.89472	0.21082	-0.792952	0.850218	0.93335	2.69544	0.00108922	
2.03443	0.292693	-0.866249	0.658569	0.234487	2.0441	0.00209013	
2.02106	0.293779	-0.870132	0.660264	0.258091	2.06559	0.00182541	
1.9669	0.407233	-0.827694	0.480537	0.849133	2.47034	0.000402568	
1.96973	0.401207	-0.826758	0.485283	0.849217	2.46785	0.00034191	
2.05817	0.802974	-1.11779	0.218484	1.41716	2.63754	0.00301375	
2.08723	0.779668	-1.11379	0.241516	1.42107	2.61944	0.00254949	
1.82855	0.640009	-1.49033	1.01765	0.35919	2.30852	0.000971757	
1.82855	0.640009	-1.49033	1.01765	0.35919	2.30852	0.000993668	
1.95024	0.268219	-1.02663	0.973311	0.239334	2.17198	0.00341448	
1.92582	0.428652	-1.08449	0.756973	0.273984	2.13745	0.00138224	
1.8342	0.274298	-1.20274	1.33719	0.648287	2.65584	0.00261762	
1.80619	0.29906	-1.20748	1.31258	0.653276	2.68567	0.00206901	
1.95579	0.481212	-0.995753	0.615026	0.955816	2.56626	0.000515067	
1.96254	0.475114	-0.993852	0.62181	0.956354	2.56173	0.000431654	
1.94464	0.440695	-1.27345	1.05131	0.480473	2.34322	0.00286351	
1.86407	0.503579	-1.28591	0.973765	0.474857	2.38167	0.00133929	
2.08166	0.560197	-1.03242	0.494381	1.27551	2.60127	0.00265103	
2.02437	0.577419	-1.02097	0.488519	1.246	2.64326	0.00125077	
2.01137	0.216	-0.448936	0.247526	0.899405	2.44011	0.000678425	
2.01137	0.216	-0.448936	0.247526	0.899405	2.44011	0.0008071	
1.94315	0.887543	-1.82677	1.19317	1.24876	2.82744	0.00193413	
1.97737	0.860831	-1.82286	1.2181	1.25151	2.79273	0.000928851	
2.06245	0.244254	0.0569785	-0.563321	1.04585	2.34569	0.00360774	
2.16575	0.146812	0.0752243	-0.445932	1.10459	2.33486	0.00146039	
1.9698	0.601825	-1.19831	0.750045	0.996794	2.60107	0.00166535	
1.96814	0.581159	-1.20528	0.752712	0.998021	2.59578	0.000577151	
